4.473230360987302534e-01 4.588932486481398509e-01
4.444245474818760422e-01 4.618727155856576227e-01
4.400200129952220873e-01 4.663640671328794229e-01
4.332752553695334297e-01 4.731822535601866719e-01
4.227578078188241051e-01 4.837218421662322076e-01
4.058570905293722997e-01 5.004002116757256813e-01
3.808385726773244606e-01 5.201205245331729232e-01
3.530748017321477805e-01 5.443344003107856155e-01
3.347320821756608611e-01 5.626793705216149855e-01
3.203730411960490354e-01 5.724598352407456181e-01
3.117547649976376012e-01 5.799530209838645867e-01
3.063928201805841689e-01 5.849862269074035392e-01
3.017897386891739697e-01 5.887102434413096219e-01
2.979735549073825873e-01 5.921137363098168960e-01
2.946718803624199801e-01 5.951639737431525523e-01
2.916103153402507253e-01 5.979541374624293137e-01
2.887562622756055242e-01 6.005914645512836492e-01
2.861182731121750256e-01 6.031000884916339899e-01
2.836357687142540551e-01 6.054793522010377682e-01
2.812878106620581020e-01 6.077664340852506619e-01
2.790807541026142369e-01 6.099552395779364034e-01
2.769802617332992600e-01 6.120712839104432978e-01
2.750005967123824169e-01 6.140925154228634719e-01
2.731291306208587510e-01 6.160423437924653634e-01
2.713560651497919363e-01 6.179331039542012016e-01
2.696671255861670113e-01 6.197532395015084017e-01
2.680712887531483402e-01 6.215160923550878680e-01
2.665440517359538575e-01 6.232257351038765769e-01
2.650932324475273605e-01 6.248837830154794215e-01
2.637194248527196527e-01 6.264994048282405137e-01
2.623889621675810080e-01 6.280621608303432746e-01
2.611237134277656913e-01 6.296060528486203678e-01
2.599116184536873209e-01 6.310949105517659197e-01
2.587519168981186057e-01 6.325651653862685020e-01
2.576344532234851603e-01 6.340033330815327828e-01
2.565640490408362395e-01 6.354088903369555785e-01
2.555313993467488998e-01 6.367882112201800338e-01
2.545384085716693723e-01 6.381404099889557147e-01
2.535816551512162786e-01 6.394737915406391027e-01
2.526573518439743649e-01 6.407835053472410447e-01
2.517649485550630395e-01 6.420743355134626018e-01
2.509023066295040238e-01 6.433415564625739602e-01
2.500676579064921023e-01 6.445967248786965698e-01
2.492590660297199501e-01 6.458381615406774134e-01
2.484752287900732215e-01 6.470578779957570914e-01
2.477149114552740783e-01 6.482695299493963503e-01
2.469763607591978771e-01 6.494656042715230004e-01
2.462581615445484928e-01 6.506471362573201800e-01
2.455595383981591107e-01 6.518168803800810096e-01
2.448794089563131049e-01 6.529823718826178736e-01
2.442161271307488890e-01 6.541323965406596885e-01
2.435691302902102950e-01 6.552661665167189842e-01
2.429371590246825197e-01 6.564138330180088188e-01
2.423193695921359025e-01 6.575415110627672588e-01
2.417147501636038587e-01 6.586614038511110492e-01
2.411224213338515887e-01 6.597772472603825600e-01
2.405414871473244287e-01 6.608827855711687516e-01
2.399710869621289322e-01 6.619911103098554683e-01
2.394164407840003173e-01 6.630906210822489211e-01
2.388586261532253119e-01 6.641839667038678119e-01
2.383147799355342655e-01 6.652813519218431226e-01
2.377782711210253697e-01 6.663736221795302228e-01
2.372488630890627337e-01 6.674632309186319112e-01
2.367239330871507841e-01 6.685479825648303898e-01
2.362042418426555102e-01 6.696391799251862897e-01
2.356887288702201877e-01 6.707275223644999507e-01
2.351765225634015744e-01 6.718151652437126531e-01
2.346667360901810440e-01 6.729059786969423529e-01
2.341584502555155434e-01 6.739976073642633958e-01
2.336509839792716980e-01 6.750917447246694847e-01
2.331458782010757402e-01 6.761752787757524530e-01
2.326347777867735778e-01 6.772903346286868187e-01
2.321241263107951536e-01 6.783961372996862860e-01
2.316106148494422035e-01 6.795064987035853710e-01
2.310929937044619575e-01 6.806246383609485529e-01
2.305706001413744544e-01 6.817487952932762552e-01
2.300419268268304729e-01 6.828771819496346485e-01
2.295055910281932343e-01 6.840211775917569570e-01
2.289638644709121595e-01 6.851681187728002609e-01
2.284063797240715732e-01 6.863320736916747045e-01
2.278419987103186273e-01 6.875027367715629278e-01
2.272609361035381748e-01 6.886879318204273126e-01
2.266663785517666341e-01 6.898883467107171930e-01
2.260555043971469724e-01 6.911047986433638268e-01
2.254253768575171235e-01 6.923305891116046107e-01
2.247745381769753192e-01 6.935878503703726272e-01
2.240996568679006207e-01 6.948611609885698703e-01
2.233989797104342923e-01 6.961563703687895233e-01
2.226671071751260278e-01 6.974766784504429218e-01
2.219020623759616062e-01 6.988226387802578543e-01
2.210996392481255346e-01 7.002047777298061604e-01
2.202535785869977614e-01 7.016176637734601318e-01
2.193624501965225349e-01 7.030630142476426148e-01
2.184104194542492994e-01 7.045685993095988087e-01
2.173979268432121859e-01 7.061147654298564058e-01
2.163096584004874645e-01 7.077171421229558890e-01
2.151359978983544419e-01 7.093854725530160943e-01
2.138627678009811794e-01 7.111294090578660354e-01
2.124660795766382670e-01 7.129623518865572107e-01
2.109228363233581760e-01 7.149047993332179329e-01
2.091953569763369547e-01 7.169836130832323295e-01
2.072345434347832027e-01 7.192308733764420925e-01
2.049523950121419635e-01 7.217035671948974773e-01
2.022199202857161149e-01 7.244956505910044031e-01
5.001738686575172288e-01 5.515076448272341336e-01
5.180830944716081632e-01 5.317444212316011498e-01
5.796291896245517883e-01 5.896762102076720247e-01
5.740525088349193172e-01 5.962696720850491072e-01
5.598175589064416924e-01 6.083743398240808453e-01
4.902116096973529458e-01 6.373119716421408176e-01
