-1.289684406012316098e-02
-1.259133506377505506e-02
-1.228582606742694913e-02
-1.198031707107884494e-02
-1.167480807473073902e-02
-1.136929907838263483e-02
-1.106379008203459136e-02
-1.075828108568648543e-02
-1.045277208933837951e-02
-1.014726309299027532e-02
-9.841754096642169394e-03
-9.536245100294065205e-03
-9.230736103946021731e-03
-8.925227107597915807e-03
-8.619718111249811618e-03
-8.314209114901705694e-03
-8.008700118553599770e-03
-7.703191122205495581e-03
-7.397682125857452107e-03
-7.092173129509347050e-03
-6.786664133161241126e-03
-6.481155136813136070e-03
-6.175646140465031013e-03
-5.870137144116925956e-03
-5.564628147768882482e-03
-5.259119151420777426e-03
-4.953610155072672369e-03
-4.648101158724566445e-03
-4.342592162376461389e-03
-4.037083166028356332e-03
-3.731574169680313292e-03
-3.426065173332207801e-03
-3.120556176984102745e-03
-2.815047180635997254e-03
-2.509538184287892198e-03
-2.204029187939786708e-03
-1.898520191591743667e-03
-1.593011195243638394e-03
-1.287502198895533120e-03
-9.819932025474280637e-04
-6.764842061993227903e-04
-3.709752098512175168e-04
-6.546621350317425973e-05
2.400427828449309595e-04
5.455517791930361788e-04
8.510607755411414522e-04
1.156569771889246617e-03
1.462078768237351891e-03
1.767587764585395148e-03
2.073096760933500204e-03
2.378605757281605695e-03
2.684114753629710751e-03
2.989623749977816242e-03
3.295132746325859282e-03
3.600641742673964772e-03
3.906150739022069829e-03
4.211659735370174885e-03
4.517168731718279942e-03
4.822677728066385866e-03
5.128186724414428473e-03
5.433695720762534397e-03
5.739204717110639453e-03
6.044713713458744510e-03
6.350222709806849566e-03
6.655731706154954623e-03
6.961240702502998097e-03
7.266749698851103154e-03
7.572258695199209078e-03
7.877767691547313267e-03
8.183276687895419191e-03
8.488785684243525115e-03
8.794294680591566854e-03
9.099803676939672778e-03
9.405312673287778702e-03
9.710821669635882891e-03
1.001633066598398882e-02
1.032183966233209300e-02
1.062734865868013648e-02
1.093285765502824240e-02
1.123836665137634833e-02
1.154387564772445252e-02
1.184938464407255844e-02
1.215489364042066263e-02
1.246040263676870610e-02
1.276591163311681203e-02
1.307142062946491622e-02
1.337692962581302214e-02
1.368243862216112806e-02
1.398794761850923225e-02
1.429345661485727573e-02
1.459896561120538165e-02
1.490447460755348584e-02
1.520998360390159176e-02
1.551549260024969769e-02
1.582100159659780361e-02
1.612651059294584535e-02
1.643201958929394954e-02
1.673752858564205720e-02
1.704303758199016139e-02
1.734854657833826558e-02
1.765405557468631079e-02
1.795956457103441498e-02
1.826507356738251917e-02
1.857058256373062682e-02
1.887609156007873101e-02
1.918160055642683520e-02
1.948710955277488041e-02
1.979261854912298460e-02
2.009812754547108879e-02
2.040363654181919298e-02
2.070914553816730064e-02
2.101465453451540483e-02
2.132016353086345004e-02
2.162567252721155422e-02
2.193118152355965841e-02
2.223669051990776260e-02
2.254219951625587026e-02
2.284770851260397445e-02
2.315321750895201619e-02
2.345872650530012385e-02
2.376423550164822804e-02
2.406974449799633223e-02
2.437525349434443989e-02
2.468076249069254408e-02
2.498627148704058581e-02
2.529178048338869347e-02
2.559728947973679766e-02
2.590279847608490185e-02
2.620830747243300951e-02
2.651381646878111370e-02
2.681932546512915544e-02
2.712483446147726310e-02
2.743034345782536729e-02
2.773585245417347148e-02
2.804136145052157914e-02
2.834687044686968332e-02
2.865237944321772506e-02
2.895788843956583272e-02
2.926339743591393691e-02
2.956890643226204110e-02
2.987441542861014529e-02
3.017992442495825295e-02
3.048543342130629469e-02
3.079094241765440235e-02
3.109645141400250654e-02
3.140196041035061419e-02
3.170746940669871838e-02
3.201297840304682257e-02
3.231848739939486431e-02
3.262399639574296850e-02
3.292950539209107269e-02
3.323501438843918382e-02
3.354052338478728801e-02
3.384603238113532975e-02
3.415154137748343394e-02
3.445705037383153813e-02
3.476255937017964232e-02
3.506806836652775344e-02
3.537357736287585763e-02
3.567908635922389937e-02
3.598459535557200356e-02
3.629010435192010775e-02
3.659561334826821194e-02
3.690112234461631613e-02
3.720663134096442726e-02
3.751214033731246900e-02
3.781764933366057319e-02
3.812315833000867737e-02
3.842866732635678156e-02
3.873417632270488575e-02
3.903968531905299688e-02
3.934519431540103862e-02
3.965070331174914281e-02
3.995621230809724700e-02
4.026172130444535119e-02
4.056723030079345538e-02
4.087273929714156651e-02
4.117824829348960824e-02
4.148375728983771243e-02
4.178926628618581662e-02
4.209477528253392081e-02
4.240028427888202500e-02
4.270579327523013613e-02
4.301130227157817787e-02
4.331681126792628206e-02
4.362232026427438625e-02
4.392782926062249044e-02
4.423333825697059463e-02
4.453884725331870575e-02
4.484435624966674749e-02
4.514986524601485168e-02
4.545537424236295587e-02
4.576088323871106006e-02
4.606639223505916425e-02
4.637190123140726844e-02
4.667741022775531712e-02
4.698291922410342131e-02
4.728842822045152550e-02
4.759393721679962969e-02
4.789944621314773388e-02
4.820495520949583806e-02
4.851046420584388674e-02
4.881597320219199093e-02
4.912148219854009512e-02
4.942699119488819931e-02
4.973250019123630350e-02
5.003800918758434524e-02
5.034351818393245637e-02
5.064902718028056056e-02
5.095453617662866475e-02
5.126004517297676893e-02
5.156555416932487312e-02
5.187106316567291486e-02
5.217657216202102599e-02
5.248208115836913018e-02
5.278759015471723437e-02
5.309309915106533856e-02
5.339860814741344275e-02
5.370411714376148449e-02
5.400962614010959562e-02
5.431513513645769980e-02
5.462064413280580399e-02
5.492615312915390818e-02
5.523166212550201237e-02
5.553717112185005411e-02
5.584268011819816524e-02
5.614818911454626943e-02
5.645369811089437362e-02
5.675920710724247781e-02
5.706471610359058200e-02
5.737022509993862374e-02
5.767573409628673486e-02
5.798124309263483905e-02
5.828675208898294324e-02
5.859226108533104743e-02
5.889777008167915162e-02
5.920327907802719336e-02
5.950878807437529755e-02
5.981429707072340868e-02
6.011980606707151287e-02
6.042531506341961706e-02
6.073082405976772125e-02
6.103633305611576298e-02
6.134184205246386717e-02
6.164735104881197830e-02
6.195286004516008249e-02
6.225836904150818668e-02
6.256387803785629087e-02
6.286938703420433261e-02
6.317489603055244374e-02
6.348040502690054099e-02
6.378591402324865212e-02
6.409142301959674937e-02
6.439693201594480498e-02
6.470244101229290223e-02
6.500795000864101336e-02
6.531345900498911061e-02
6.561896800133722174e-02
6.592447699768531899e-02
6.622998599403337461e-02
6.653549499038147186e-02
6.684100398672958299e-02
6.714651298307768024e-02
6.745202197942579136e-02
6.775753097577388862e-02
6.806303997212194423e-02
6.836854896847004148e-02
6.867405796481815261e-02
6.897956696116624986e-02
6.928507595751436099e-02
6.959058495386245824e-02
6.989609395021051386e-02
7.020160294655861111e-02
7.050711194290672224e-02
7.081262093925481949e-02
7.111812993560293061e-02
7.142363893195102786e-02
7.172914792829906960e-02
7.203465692464718073e-02
7.234016592099529186e-02
7.264567491734338911e-02
7.295118391369150024e-02
7.325669291003959749e-02
7.356220190638763923e-02
7.386771090273575036e-02
7.417321989908386148e-02
7.447872889543195873e-02
7.478423789178006986e-02
7.508974688812816711e-02
7.539525588447620885e-02
7.570076488082431998e-02
7.600627387717243111e-02
7.631178287352052836e-02
7.661729186986863949e-02
7.692280086621673674e-02
7.722830986256477848e-02
7.753381885891288960e-02
7.783932785526100073e-02
7.814483685160909798e-02
7.845034584795720911e-02
7.875585484430530636e-02
7.906136384065334810e-02
7.936687283700145923e-02
7.967238183334957036e-02
7.997789082969766761e-02
8.028339982604577874e-02
8.058890882239382047e-02
8.089441781874191773e-02
8.119992681509002885e-02
8.150543581143813998e-02
8.181094480778623723e-02
8.211645380413434836e-02
8.242196280048239010e-02
8.272747179683048735e-02
8.303298079317859848e-02
8.333848978952670961e-02
8.364399878587480686e-02
8.394950778222291798e-02
8.425501677857095972e-02
8.456052577491905697e-02
8.486603477126716810e-02
8.517154376761527923e-02
8.547705276396337648e-02
8.578256176031148761e-02
8.608807075665952935e-02
8.639357975300762660e-02
8.669908874935573773e-02
8.700459774570384885e-02
8.731010674205194610e-02
8.761561573840005723e-02
8.792112473474809897e-02
8.822663373109619622e-02
8.853214272744430735e-02
8.883765172379241848e-02
8.914316072014051573e-02
8.944866971648862686e-02
8.975417871283666860e-02
9.005968770918476585e-02
9.036519670553287698e-02
9.067070570188097423e-02
9.097621469822908535e-02
9.128172369457719648e-02
9.158723269092523822e-02
9.189274168727333547e-02
9.219825068362144660e-02
9.250375967996954385e-02
9.280926867631765498e-02
9.311477767266576611e-02
9.342028666901380785e-02
9.372579566536190510e-02
9.403130466171001622e-02
9.433681365805811347e-02
9.464232265440622460e-02
9.494783165075433573e-02
9.525334064710237747e-02
9.555884964345047472e-02
9.586435863979858585e-02
9.616986763614668310e-02
9.647537663249479423e-02
9.678088562884283597e-02
9.708639462519094709e-02
9.739190362153904434e-02
9.769741261788715547e-02
9.800292161423525272e-02
1.077792094973742537e-01
1.080847184937223648e-01
1.083902274900704621e-01
1.086957364864185732e-01
1.090012454827666705e-01
1.093067544791147816e-01
1.096122634754628233e-01
1.099177724718109345e-01
1.102232814681590317e-01
1.105287904645071428e-01
1.108342994608552401e-01
1.111398084572033512e-01
1.114453174535513930e-01
1.117508264498995041e-01
1.120563354462476013e-01
1.123618444425957125e-01
1.126673534389438097e-01
1.129728624352918515e-01
1.132783714316399626e-01
1.135838804279880737e-01
1.138893894243361710e-01
1.141948984206842821e-01
1.145004074170323793e-01
1.148059164133804211e-01
1.151114254097285322e-01
1.154169344060766433e-01
1.157224434024247406e-01
1.160279523987728517e-01
1.163334613951209490e-01
1.166389703914689907e-01
1.169444793878171018e-01
1.172499883841652130e-01
1.175554973805133102e-01
1.178610063768614213e-01
1.181665153732095186e-01
1.184720243695575603e-01
1.187775333659056715e-01
1.190830423622537826e-01
1.193885513586018798e-01
1.196940603549499910e-01
1.199995693512980882e-01
1.203050783476461300e-01
1.206105873439942411e-01
1.209160963403423522e-01
1.212216053366904495e-01
1.215271143330385606e-01
1.218326233293866578e-01
1.221381323257346996e-01
1.224436413220828662e-01
1.227491503184309773e-01
1.230546593147789636e-01
1.233601683111270608e-01
1.236656773074751720e-01
1.239711863038232692e-01
1.242766953001713803e-01
1.245822042965194776e-01
1.248877132928675887e-01
1.251932222892156998e-01
1.254987312855637971e-01
1.258042402819118943e-01
1.261097492782600193e-01
1.264152582746081166e-01
1.267207672709561028e-01
1.270262762673042001e-01
1.273317852636522973e-01
1.276372942600004223e-01
1.279428032563485196e-01
1.282483122526966168e-01
1.285538212490447418e-01
1.288593302453928391e-01
1.291648392417409363e-01
1.294703482380890336e-01
1.297758572344371586e-01
1.300813662307851171e-01
1.303868752271332421e-01
1.306923842234813393e-01
1.309978932198294366e-01
1.313034022161775616e-01
1.316089112125256588e-01
1.319144202088737561e-01
1.322199292052218811e-01
1.325254382015699783e-01
1.328309471979180756e-01
1.331364561942661728e-01
1.334419651906142978e-01
1.337474741869622563e-01
1.340529831833103813e-01
1.343584921796584786e-01
1.346640011760065758e-01
1.349695101723547008e-01
1.352750191687027981e-01
1.355805281650508953e-01
1.358860371613989926e-01
1.361915461577471176e-01
1.364970551540952148e-01
