-1.289684406012316098e-02
-1.259133506377505506e-02
-1.228582606742694913e-02
-1.198031707107884494e-02
-1.167480807473073902e-02
-1.136929907838263483e-02
-1.106379008203459136e-02
-1.075828108568648543e-02
-1.045277208933837951e-02
-1.014726309299027532e-02
-9.841754096642169394e-03
-9.536245100294065205e-03
-9.230736103946021731e-03
-8.925227107597915807e-03
-8.619718111249811618e-03
-8.314209114901705694e-03
-8.008700118553599770e-03
-7.703191122205495581e-03
-7.397682125857452107e-03
-7.092173129509347050e-03
-6.786664133161241126e-03
-6.481155136813136070e-03
-6.175646140465031013e-03
-5.870137144116925956e-03
-5.564628147768882482e-03
-5.259119151420777426e-03
-4.953610155072672369e-03
-4.648101158724566445e-03
-4.342592162376461389e-03
-4.037083166028356332e-03
-3.731574169680313292e-03
-3.426065173332207801e-03
-3.120556176984102745e-03
-2.815047180635997254e-03
-2.509538184287892198e-03
-2.204029187939786708e-03
-1.898520191591743667e-03
-1.593011195243638394e-03
-1.287502198895533120e-03
-9.819932025474280637e-04
-6.764842061993227903e-04
-3.709752098512175168e-04
-6.546621350317425973e-05
2.400427828449309595e-04
5.455517791930361788e-04
8.510607755411414522e-04
1.156569771889246617e-03
1.462078768237351891e-03
1.767587764585395148e-03
2.073096760933500204e-03
2.378605757281605695e-03
2.684114753629710751e-03
2.989623749977816242e-03
3.295132746325859282e-03
3.600641742673964772e-03
3.906150739022069829e-03
4.211659735370174885e-03
4.517168731718279942e-03
4.822677728066385866e-03
5.128186724414428473e-03
5.433695720762534397e-03
5.739204717110639453e-03
6.044713713458744510e-03
6.350222709806849566e-03
6.655731706154954623e-03
6.961240702502998097e-03
7.266749698851103154e-03
7.572258695199209078e-03
7.877767691547313267e-03
8.183276687895419191e-03
8.488785684243525115e-03
8.794294680591566854e-03
9.099803676939672778e-03
9.405312673287778702e-03
9.710821669635882891e-03
1.001633066598398882e-02
1.032183966233209300e-02
1.062734865868013648e-02
1.093285765502824240e-02
1.123836665137634833e-02
1.154387564772445252e-02
1.184938464407255844e-02
1.215489364042066263e-02
1.246040263676870610e-02
1.276591163311681203e-02
1.307142062946491622e-02
1.337692962581302214e-02
1.368243862216112806e-02
1.398794761850923225e-02
1.429345661485727573e-02
1.459896561120538165e-02
1.490447460755348584e-02
1.520998360390159176e-02
1.551549260024969769e-02
1.582100159659780361e-02
1.612651059294584535e-02
1.643201958929394954e-02
1.673752858564205720e-02
1.704303758199016139e-02
1.734854657833826558e-02
1.765405557468631079e-02
1.795956457103441498e-02
1.826507356738251917e-02
1.857058256373062682e-02
9.769741261788715547e-02
9.800292161423525272e-02
1.077792094973742537e-01
1.080847184937223648e-01
1.083902274900704621e-01
1.086957364864185732e-01
